342 108 0 
56 185 0 

74 0 376 
0 4 237 

90 4 356 
1 34 206 

269 77 104 
32 152 57 

162 24 264 
6 78 157 

255 60 135 
26 132 83 

77 2 371 
0 6 235 

166 27 257 
7 90 144 

247 57 146 
22 129 90 

124 5 321 
2 31 208 

306 68 76 
40 136 65 

81 2 367 
1 22 218 

147 12 291 
6 63 172 

117 8 325 
3 50 188 

129 14 307 
4 65 172 

76 2 372 
0 17 224 

296 119 35 
26 195 20 

283 73 94 
37 145 59 

232 38 180 
23 112 106 

221 35 194 
17 101 123 

137 11 302 
3 43 195 

214 49 187 
16 117 108 

237 51 162 
23 126 92 

325 115 10 
46 190 5 

259 33 158 
24 97 120 

263 94 93 
27 164 50 

350 93 7 
59 177 5 

222 38 190 
17 101 123 

283 61 106 
36 130 75 

180 31 239 
9 93 139 

106 5 339 
2 36 203 

235 55 160 
18 126 97 

233 32 185 
21 98 122 

105 4 341 
2 36 203 

128 10 312 
3 48 190 

329 92 29 
48 184 9 

106 3 341 
2 33 206 

273 64 113 
29 138 74 

315 117 18 
40 192 9 

314 112 24 
40 192 9 

163 19 268 
6 78 157 

145 14 291 
6 74 161 

157 27 266 
6 92 143 

322 96 32 
43 190 8 

282 60 108 
34 131 76 

233 29 188 
16 93 132 

317 118 15 
43 196 2 

297 57 96 
44 139 58 

116 14 320 
2 63 176 

194 29 227 
12 99 130 

255 55 140 
27 126 88 

263 92 95 
25 155 61 

184 25 241 
9 87 145 

136 16 298 
2 51 188 

186 26 238 
9 88 144 

328 113 9 
45 186 10 

364 84 2 
66 174 1 

313 118 19 
38 193 10 

174 21 255 
6 68 167 

118 7 325 
2 44 195 

182 27 241 
10 91 140 

283 107 60 
27 176 38 

283 60 107 
38 131 72 

71 6 373 
0 34 207 

207 64 179 
13 133 95 

63 3 384 
0 27 214 

142 13 295 
6 64 171 

67 1 382 
0 8 233 

133 18 299 
3 59 179 

106 3 341 
2 30 209 

358 92 0 
75 166 0 

156 27 267 
6 92 143 

59 0 391 
0 8 233 

250 61 139 
26 133 82 

230 63 157 
22 137 82 

157 17 276 
7 70 164 

149 16 285 
7 70 164 

251 44 155 
27 116 98 

229 26 195 
21 95 125 

251 49 150 
27 117 97 

285 64 101 
44 151 46 

241 53 156 
25 124 92 

217 31 202 
16 99 126 

253 28 169 
25 95 121 

206 28 216 
14 87 140 

177 36 237 
8 102 131 

183 33 234 
12 105 124 

126 14 310 
3 60 178 

254 56 140 
27 127 87 

135 7 308 
4 43 194 

319 125 6 
43 195 3 

178 33 239 
9 95 137 

276 61 113 
32 134 75 

224 45 181 
18 108 115 

182 25 243 
10 87 144 

232 35 183 
21 98 122 

268 55 127 
32 130 79 

237 29 184 
22 92 127 

330 93 27 
46 175 20 

160 29 261 
6 92 143 

238 27 185 
22 90 129 

71 3 376 
1 31 209 

277 61 112 
35 134 72 

108 3 339 
2 29 210 

308 108 34 
37 187 17 

310 130 10 
35 195 11 

72 2 376 
0 17 224 

301 125 24 
34 201 6 

148 16 286 
6 68 167 

318 103 29 
41 184 16 

235 44 171 
22 113 106 

177 31 242 
8 92 141 

280 59 111 
45 151 45 

180 28 242 
11 92 138 

315 111 24 
38 186 17 

143 19 288 
4 71 166 

226 35 189 
21 100 120 

280 60 110 
37 131 73 

137 5 308 
3 30 208 

133 14 303 
4 54 183 

170 19 261 
8 71 162 

228 59 163 
18 127 96 

109 4 337 
2 30 209 

354 83 13 
60 170 11 

323 114 13 
47 189 5 

223 24 203 
17 89 135 

311 137 2 
38 202 1 

125 6 319 
2 35 204 

313 103 34 
38 184 19 

153 28 269 
6 97 138 

294 120 36 
27 196 18 

300 124 26 
33 199 9 

325 90 35 
47 177 17 

119 10 321 
2 41 198 

181 25 244 
12 92 137 

179 28 243 
9 89 143 

336 95 19 
52 179 10 

53 0 397 
0 2 239 

383 67 0 
88 153 0 

301 106 43 
35 186 20 

295 81 74 
39 153 49 

286 80 84 
38 154 49 

276 28 146 
32 95 114 

173 27 250 
9 90 142 

145 23 282 
6 86 149 

261 64 125 
30 135 76 

325 123 2 
49 190 2 

255 69 126 
25 136 80 

208 29 213 
15 91 135 

81 2 367 
1 18 222 

154 19 277 
6 70 165 

121 5 324 
2 26 213 

60 1 389 
0 7 234 

133 13 304 
2 35 204 

250 77 123 
26 144 71 

68 2 380 
0 19 222 

139 17 294 
6 73 162 

186 30 234 
12 92 137 

191 30 229 
13 92 136 

246 27 177 
25 92 124 

266 50 134 
30 116 95 

205 31 214 
15 96 130 

206 33 211 
15 95 131 

207 35 208 
15 99 127 

214 55 181 
16 124 101 

115 19 316 
2 70 169 

299 105 46 
37 188 16 

167 17 266 
9 72 160 

117 8 325 
2 38 201 

325 121 4 
49 190 2 

223 33 194 
16 88 137 

69 6 375 
0 34 207 

106 6 338 
2 39 200 

141 12 297 
4 43 194 

346 102 2 
71 170 0 

245 80 125 
27 148 66 

290 60 100 
42 139 60 

119 15 316 
3 60 178 

216 30 204 
20 96 125 

117 4 329 
2 28 211 

303 119 28 
34 191 16 

156 28 266 
7 94 140 

220 30 200 
16 87 138 

239 42 169 
23 110 108 

126 5 319 
3 33 205 

108 11 331 
2 52 187 

178 29 243 
10 90 141 

311 114 25 
38 187 16 

163 27 260 
7 86 148 

296 132 22 
28 199 14 

319 112 19 
47 189 5 

126 6 318 
3 35 203 

304 130 16 
40 197 4 

142 10 298 
4 40 197 

116 9 325 
3 47 191 

331 96 23 
51 179 11 

308 118 24 
39 193 9 

130 6 314 
3 33 205 

340 90 20 
56 176 9 

448 0 2 
239 0 2 

