346 104 0 
67 174 0 

97 0 353 
0 3 238 

91 4 355 
0 30 211 

302 55 93 
42 132 67 

180 24 246 
10 90 141 

117 7 326 
2 38 201 

314 110 26 
37 194 10 

259 49 142 
27 126 88 

153 32 265 
3 96 142 

205 27 218 
14 91 136 

303 146 1 
41 200 0 

251 26 173 
23 95 123 

292 111 47 
27 189 25 

121 9 320 
2 46 193 

216 35 199 
16 101 124 

271 71 108 
29 150 62 

275 65 110 
28 134 79 

136 7 307 
3 36 202 

237 40 173 
22 108 111 

282 86 82 
31 153 57 

167 17 266 
7 71 163 

322 94 34 
41 174 26 

144 13 293 
4 53 184 

287 46 117 
35 127 79 

204 28 218 
12 92 137 

283 101 66 
25 158 58 

270 47 133 
30 123 88 

211 29 210 
14 93 134 

191 21 238 
9 71 161 

230 39 181 
20 107 114 

162 20 268 
4 73 164 

161 16 273 
5 65 171 

327 101 22 
45 189 7 

208 56 186 
13 129 99 

226 25 199 
18 93 130 

204 43 203 
13 115 113 

97 5 348 
1 35 205 

164 19 267 
8 84 149 

240 51 159 
21 126 94 

207 39 204 
16 114 111 

236 61 153 
18 135 88 

176 35 239 
7 110 124 

341 101 8 
51 187 3 

322 118 10 
40 195 6 

270 57 123 
26 126 89 

267 44 139 
30 123 88 

329 119 2 
42 198 1 

138 17 295 
3 57 181 

347 84 19 
55 178 8 

157 26 267 
4 86 151 

168 21 261 
8 82 151 

151 9 290 
4 46 191 

142 12 296 
3 51 187 

347 97 6 
58 177 6 

78 1 371 
1 20 220 

300 102 48 
33 167 41 

203 26 221 
12 85 144 

255 30 165 
27 100 114 

227 52 171 
20 128 93 

285 63 102 
34 133 74 

140 23 287 
3 88 150 

172 26 252 
10 93 138 

322 124 4 
49 191 1 

130 6 314 
3 31 207 

219 28 203 
17 94 130 

205 27 218 
15 94 132 

326 119 5 
49 190 2 

286 49 115 
36 129 76 

219 36 195 
19 104 118 

213 65 172 
13 142 86 

94 11 345 
0 39 202 

84 0 366 
0 0 241 

270 53 127 
31 125 85 

260 42 148 
27 118 96 

248 53 149 
25 129 87 

130 12 308 
4 61 176 

130 12 308 
4 61 176 

169 18 263 
8 75 158 

349 101 0 
70 171 0 

202 46 202 
17 126 98 

101 8 341 
2 50 189 

319 62 69 
48 142 51 

163 24 263 
8 85 148 

135 11 304 
5 59 177 

297 55 98 
41 130 70 

275 50 125 
33 124 84 

200 36 214 
16 111 114 

260 51 139 
29 128 84 

225 33 192 
17 95 129 

289 82 79 
37 152 52 

269 51 130 
30 127 84 

131 4 315 
3 31 207 

300 58 92 
40 126 75 

177 14 259 
5 48 188 

281 115 54 
30 198 13 

262 51 137 
28 124 89 

354 84 12 
60 172 9 

208 27 215 
16 94 131 

153 23 274 
6 93 142 

308 63 79 
46 142 53 

257 28 165 
25 92 124 

158 25 267 
7 89 145 

237 37 176 
24 107 110 

133 10 307 
3 44 194 

329 106 15 
47 184 10 

344 88 18 
56 176 9 

159 15 276 
5 59 177 

333 98 19 
49 183 9 

233 34 183 
25 109 107 

138 14 298 
4 55 182 

316 125 9 
39 198 4 

229 36 185 
20 105 116 

97 5 348 
1 34 206 

330 99 21 
47 186 8 

137 12 301 
3 52 186 

168 26 256 
8 90 143 

265 46 139 
29 123 89 

324 124 2 
55 186 0 

134 12 304 
3 54 184 

281 115 54 
30 198 13 

236 38 176 
24 108 109 

215 47 188 
17 117 107 

191 25 234 
12 94 135 

349 91 10 
57 176 8 

280 90 80 
30 158 53 

134 15 301 
4 62 175 

98 8 344 
1 31 209 

342 108 0 
67 174 0 

71 1 378 
0 12 229 

97 6 347 
1 32 208 

94 8 348 
0 13 228 

74 1 375 
1 20 220 

156 16 278 
5 61 175 

80 0 370 
0 1 240 

289 55 106 
38 131 72 

327 92 31 
47 170 24 

146 18 286 
3 51 187 

181 27 242 
11 98 132 

288 93 69 
36 167 38 

265 102 83 
22 161 58 

82 1 367 
1 15 225 

217 26 207 
18 93 130 

255 44 151 
25 115 101 

321 125 4 
50 190 1 

314 83 53 
43 151 47 

301 106 43 
35 169 37 

274 62 114 
31 129 81 

136 12 302 
3 50 188 

152 21 277 
7 84 150 

101 8 341 
2 46 193 

327 119 4 
49 188 4 

275 55 120 
32 124 85 

260 64 126 
30 141 70 

197 27 226 
15 93 133 

318 124 8 
40 194 7 

163 19 268 
6 65 170 

86 9 355 
1 53 187 

131 4 315 
3 30 208 

285 95 70 
33 161 47 

183 18 249 
8 64 169 

271 51 128 
30 124 87 

205 35 210 
18 112 111 

310 60 80 
45 137 59 

173 26 251 
10 92 139 

225 35 190 
20 103 118 

331 99 20 
48 183 10 

269 102 79 
26 161 54 

160 15 275 
6 59 176 

208 49 193 
14 117 110 

321 125 4 
49 190 2 

149 9 292 
3 35 203 

180 23 247 
9 78 154 

134 9 307 
3 39 199 

112 8 330 
3 46 192 

263 47 140 
29 124 88 

136 16 298 
3 53 185 

140 23 287 
3 76 162 

236 35 179 
24 104 113 

224 36 190 
20 105 116 

229 53 168 
20 127 94 

327 105 18 
48 186 7 

295 109 46 
35 182 24 

323 113 14 
45 188 8 

220 30 200 
18 93 130 

208 26 216 
16 91 134 

181 28 241 
13 98 130 

154 23 273 
8 90 143 

334 115 1 
60 180 1 

128 11 311 
3 50 188 

90 8 352 
1 38 202 

315 123 12 
40 195 6 

190 26 234 
14 93 134 

115 2 333 
2 19 220 

234 58 158 
22 136 83 

138 7 305 
4 42 195 

323 117 10 
44 191 6 

332 116 2 
59 180 2 

283 84 83 
37 155 49 

151 11 288 
5 48 188 

47 0 403 
0 6 235 

