440 10 0 
230 11 0 

14 0 436 
0 2 239 

322 127 1 
119 119 3 

69 10 371 
6 52 183 

24 0 426 
1 5 235 

156 15 279 
11 62 168 

206 77 167 
24 150 67 

84 11 355 
3 29 209 

438 10 2 
221 19 1 

63 12 375 
1 36 204 

161 29 260 
12 90 139 

200 62 188 
22 125 94 

249 51 150 
35 117 89 

196 29 225 
22 89 130 

159 19 272 
13 74 154 

164 33 253 
14 94 133 

223 60 167 
27 123 91 

231 44 175 
27 105 109 

328 83 39 
62 150 29 

228 22 200 
26 84 131 

165 42 243 
11 103 127 

369 70 11 
93 142 6 

371 69 10 
102 138 1 

268 124 58 
31 179 31 

345 96 9 
72 158 11 

152 24 274 
9 75 157 

303 102 45 
49 164 28 

271 107 72 
38 183 20 

337 99 14 
64 163 14 

315 84 51 
42 156 43 

276 138 36 
36 192 13 

256 134 60 
25 194 22 

374 73 3 
101 137 3 

433 16 1 
227 14 0 

432 17 1 
225 15 1 

3 0 447 
0 2 239 

443 7 0 
237 4 0 

6 1 443 
0 6 235 

361 82 7 
140 98 3 

86 17 347 
5 60 176 

269 49 132 
43 118 80 

364 79 7 
150 89 2 

280 90 80 
40 155 46 

71 8 371 
2 15 224 

432 17 1 
227 14 0 

166 48 236 
16 115 110 

180 50 220 
18 111 112 

368 76 6 
156 83 2 

355 86 9 
97 141 3 

203 51 196 
27 111 103 

81 6 363 
4 22 215 

280 64 106 
44 140 57 

281 118 51 
39 172 30 

8 2 440 
0 12 229 

171 30 249 
17 93 131 

303 110 37 
53 167 21 

302 104 44 
54 165 22 

184 56 210 
19 112 110 

374 74 2 
161 78 2 

153 21 276 
13 71 157 

214 69 167 
28 136 77 

432 15 3 
226 15 0 

156 18 276 
11 63 167 

257 34 159 
39 103 99 

144 33 273 
10 102 129 

231 39 180 
27 88 126 

181 53 216 
20 113 108 

270 104 76 
37 184 20 

294 137 19 
52 182 7 

311 121 18 
54 173 14 

368 73 9 
99 137 5 

277 154 19 
40 191 10 

314 86 50 
54 154 33 

183 34 233 
18 86 137 

329 82 39 
61 144 36 

178 43 229 
17 95 129 

304 135 11 
60 172 9 

286 129 35 
45 181 15 

374 74 2 
161 78 2 

346 98 6 
100 136 5 

270 114 66 
37 177 27 

342 87 21 
70 156 15 

104 8 338 
4 21 216 

431 18 1 
225 15 1 

432 17 1 
227 14 0 

438 10 2 
220 19 2 

63 5 382 
3 16 222 

28 3 419 
1 7 233 

129 18 303 
8 53 180 

266 64 120 
41 135 65 

450 0 0 
239 2 0 

282 59 109 
49 132 60 

450 0 0 
239 2 0 

385 59 6 
165 74 2 

382 67 1 
168 69 4 

298 75 77 
47 136 58 

204 63 183 
28 125 88 

433 16 1 
230 11 0 

253 61 136 
42 139 60 

187 34 229 
22 84 135 

267 108 75 
36 176 29 

311 117 22 
55 165 21 

377 66 7 
158 79 4 

78 18 354 
2 39 200 

157 42 251 
9 80 152 

162 24 264 
16 73 152 

280 76 94 
47 148 46 

197 28 225 
29 90 122 

122 21 307 
8 59 174 

308 130 12 
67 163 11 

257 144 49 
31 199 11 

267 113 70 
37 176 28 

173 30 247 
21 94 126 

195 56 199 
23 102 116 

313 106 31 
58 161 22 

227 48 175 
36 111 94 

186 36 228 
22 88 131 

269 161 20 
36 190 15 

216 33 201 
36 97 108 

341 69 40 
69 141 31 

266 132 52 
35 182 24 

441 9 0 
224 14 3 

295 135 20 
57 174 10 

301 126 23 
54 174 13 

156 56 238 
12 110 119 

321 81 48 
56 147 38 

162 14 274 
13 57 171 

373 67 10 
102 133 6 

305 129 16 
63 169 9 

186 56 208 
19 105 117 

4 0 446 
1 4 236 

221 61 168 
34 130 77 

373 67 10 
101 133 7 

181 63 206 
17 113 111 

126 35 289 
6 93 142 

232 36 182 
38 103 100 

21 2 427 
2 13 226 

293 115 42 
46 163 32 

185 59 206 
16 104 121 

136 22 292 
13 77 151 

347 96 7 
101 135 5 

341 83 26 
69 148 24 

433 16 1 
226 14 1 

253 126 71 
29 191 21 

363 70 17 
89 140 12 

433 16 1 
226 14 1 

433 16 1 
226 14 1 

450 0 0 
239 2 0 

450 0 0 
239 2 0 

450 0 0 
239 2 0 

450 0 0 
239 2 0 

450 0 0 
239 2 0 

450 0 0 
239 2 0 

450 0 0 
239 2 0 

450 0 0 
239 2 0 

450 0 0 
239 2 0 

450 0 0 
239 2 0 

450 0 0 
239 2 0 

450 0 0 
239 2 0 

450 0 0 
239 2 0 

450 0 0 
240 1 0 

394 52 4 
173 66 2 

445 5 0 
231 9 1 

347 96 7 
101 134 6 

118 20 312 
5 37 199 

123 21 306 
9 63 169 

433 16 1 
221 16 4 

278 97 75 
44 165 32 

274 73 103 
51 148 42 

249 68 133 
39 134 68 

282 69 99 
47 135 59 

152 31 267 
21 98 122 

359 80 11 
103 128 10 

157 34 259 
12 75 154 

237 57 156 
35 114 92 

71 14 365 
3 34 204 

81 9 360 
3 18 220 

201 61 188 
26 113 102 

97 11 342 
10 53 178 

289 132 29 
64 168 9 

163 23 264 
16 68 157 

196 70 184 
26 135 80 

145 27 278 
11 70 160 

165 31 254 
23 94 124 

31 1 418 
1 4 236 

303 114 33 
65 163 13 

217 29 204 
38 95 108 

7 2 441 
0 11 230 

224 31 195 
38 95 108 

112 33 305 
8 102 131 

248 70 132 
41 134 66 

3 0 447 
1 4 236 

287 125 38 
57 174 10 

157 63 230 
12 132 97 

136 33 281 
7 72 162 

316 103 31 
61 160 20 

428 18 4 
226 15 0 

186 33 231 
26 91 124 

217 29 204 
35 93 113 

316 82 52 
57 149 35 

