319 131 0 
66 175 0 

99 2 349 
3 10 228 

159 19 272 
9 43 189 

164 53 233 
14 122 105 

139 28 283 
9 56 176 

198 66 186 
26 135 80 

299 82 69 
50 154 37 

149 38 263 
12 103 126 

235 64 151 
39 132 70 

284 154 12 
47 193 1 

305 104 41 
52 172 17 

318 72 60 
58 145 38 

273 144 33 
32 199 10 

288 137 25 
41 190 10 

337 100 13 
72 164 5 

318 107 25 
65 171 5 

363 74 13 
86 152 3 

94 17 339 
5 26 210 

98 18 334 
9 44 188 

131 36 283 
8 67 166 

173 38 239 
24 75 142 

200 56 194 
34 122 85 

168 35 247 
15 65 161 

169 45 236 
23 84 134 

148 41 261 
16 97 128 

294 114 42 
53 164 24 

386 64 0 
112 129 0 

249 77 124 
37 127 77 

300 73 77 
57 148 36 

288 109 53 
44 161 36 

182 70 198 
21 127 93 

264 92 94 
43 156 42 

311 94 45 
61 155 25 

230 95 125 
31 153 57 

375 70 5 
97 144 0 

333 109 8 
77 162 2 

222 72 156 
36 134 71 

250 84 116 
42 151 48 

363 70 17 
81 147 13 

338 111 1 
85 156 0 

271 159 20 
36 203 2 

287 149 14 
44 191 6 

355 81 14 
86 151 4 

303 124 23 
55 178 8 

364 84 2 
93 147 1 

357 82 11 
87 149 5 

141 42 267 
9 55 177 

239 66 145 
45 134 62 

309 82 59 
66 152 23 

131 44 275 
15 110 116 

404 46 0 
119 122 0 

227 133 90 
21 181 39 

268 93 89 
51 157 33 

211 44 195 
35 104 102 

256 75 119 
43 134 64 

327 84 39 
69 145 27 

275 35 140 
51 102 88 

289 141 20 
49 188 4 

365 85 0 
92 146 3 

313 123 14 
69 169 3 

338 98 14 
74 158 9 

318 105 27 
62 157 22 

365 74 11 
94 142 5 

383 67 0 
103 137 1 

313 110 27 
64 170 7 

378 65 7 
99 140 2 

249 103 98 
33 151 57 

331 103 16 
77 160 4 

241 26 183 
29 61 151 

319 131 0 
93 148 0 

239 46 165 
49 115 77 

153 44 253 
14 75 152 

108 23 319 
13 51 177 

262 51 137 
50 113 78 

365 73 12 
97 142 2 

345 104 1 
92 149 0 

308 67 75 
74 143 24 

236 92 122 
39 159 43 

278 72 100 
51 133 57 

251 122 77 
40 167 34 

357 82 11 
88 147 6 

252 36 162 
55 110 76 

233 112 105 
35 175 31 

270 178 2 
48 193 0 

297 73 80 
61 136 44 

268 167 15 
34 197 10 

372 73 5 
93 138 10 

340 106 4 
86 154 1 

245 94 111 
42 154 45 

344 76 30 
74 142 25 

371 64 15 
93 141 7 

269 93 88 
53 154 34 

355 72 23 
81 148 12 

398 52 0 
125 116 0 

170 23 257 
16 45 180 

167 39 244 
14 53 174 

146 77 227 
11 113 117 

194 65 191 
32 114 95 

146 33 271 
33 90 118 

313 87 50 
68 149 24 

300 73 77 
62 134 45 

390 57 3 
107 131 3 

235 78 137 
46 145 50 

171 42 237 
19 59 163 

344 90 16 
87 153 1 

209 59 182 
32 96 113 

321 123 6 
79 160 2 

356 93 1 
97 143 1 

140 75 235 
12 128 101 

286 40 124 
60 113 68 

268 91 91 
48 145 48 

358 76 16 
80 142 19 

326 114 10 
80 156 5 

256 65 129 
48 126 67 

303 113 34 
59 165 17 

347 90 13 
79 146 16 

330 118 2 
82 154 5 

322 122 6 
78 160 3 

254 93 103 
44 145 52 

298 129 23 
58 175 8 

301 114 35 
61 171 9 

407 42 1 
131 110 0 

210 38 202 
27 62 152 

169 21 260 
24 54 163 

413 37 0 
134 107 0 

150 23 277 
16 46 179 

280 77 93 
53 132 56 

181 40 229 
20 53 168 

282 82 86 
54 134 53 

161 26 263 
14 38 189 

258 45 147 
57 115 69 

405 42 3 
115 124 2 

213 68 169 
42 134 65 

406 43 1 
119 119 3 

322 111 17 
68 157 16 

229 78 143 
46 145 50 

257 157 36 
33 196 12 

330 115 5 
86 152 3 

132 50 268 
18 91 132 

378 70 2 
113 128 0 

251 153 46 
32 202 7 

317 108 25 
67 160 14 

253 68 129 
51 129 61 

390 49 11 
106 128 7 

317 110 23 
60 153 28 

307 58 85 
71 130 40 

321 97 32 
72 157 12 

302 127 21 
67 169 5 

205 76 169 
39 139 63 

325 121 4 
80 156 5 

345 91 14 
79 147 15 

364 76 10 
91 140 10 

281 58 111 
61 127 53 

380 70 0 
127 114 0 

221 23 206 
52 91 98 

140 8 302 
11 23 207 

109 29 312 
11 44 186 

175 26 249 
19 43 179 

373 75 2 
113 128 0 

166 61 223 
20 79 142 

372 72 6 
108 133 0 

275 70 105 
51 118 72 

361 88 1 
118 123 0 

383 64 3 
115 126 0 

395 50 5 
112 125 4 

320 99 31 
65 147 29 

331 105 14 
83 152 6 

199 76 175 
25 94 122 

136 47 267 
25 96 120 

225 63 162 
49 130 62 

372 75 3 
110 130 1 

253 84 113 
53 140 48 

254 89 107 
53 141 47 

267 118 65 
50 163 28 

314 72 64 
72 138 31 

236 90 124 
46 149 46 

309 107 34 
68 161 12 

354 78 18 
90 142 9 

317 106 27 
72 159 10 

309 111 30 
68 161 12 

263 140 47 
46 187 8 

241 85 124 
31 103 107 

269 125 56 
51 177 13 

122 54 274 
17 97 127 

334 93 23 
76 148 17 

367 72 11 
106 135 0 

355 70 25 
93 142 6 

309 124 17 
71 164 6 

289 133 28 
59 176 6 

328 116 6 
82 153 6 

250 64 136 
55 132 54 

126 14 310 
22 42 177 

192 67 191 
42 135 64 

210 66 174 
39 115 87 

247 70 133 
56 138 47 

258 59 133 
56 122 63 

263 65 122 
62 131 48 

337 80 33 
84 145 12 

200 70 180 
44 139 58 

267 84 99 
64 150 27 

