342 108 0 
75 166 0 

49 0 401 
0 6 235 

233 60 157 
23 130 88 

294 110 46 
32 187 22 

48 4 398 
0 22 219 

262 64 124 
34 136 71 

58 2 390 
1 18 222 

260 70 120 
28 128 85 

106 5 339 
2 26 213 

51 1 398 
0 14 227 

321 122 7 
51 189 1 

169 44 237 
9 112 120 

277 60 113 
43 146 52 

173 23 254 
6 63 172 

145 18 287 
6 63 172 

328 113 9 
45 186 10 

336 112 2 
72 169 0 

239 38 173 
24 99 118 

297 117 36 
35 188 18 

60 4 386 
1 38 202 

286 80 84 
38 154 49 

232 54 164 
23 121 97 

288 69 93 
37 133 71 

165 30 255 
11 94 136 

111 6 333 
3 36 202 

218 49 183 
22 112 107 

300 115 35 
35 184 22 

130 16 304 
4 51 186 

219 37 194 
16 97 128 

331 81 38 
51 161 29 

238 35 177 
21 87 133 

215 39 196 
18 99 124 

165 27 258 
12 91 138 

148 15 287 
6 58 177 

319 125 6 
43 195 3 

141 12 297 
4 43 194 

128 10 312 
3 48 190 

240 69 141 
26 145 70 

334 115 1 
57 182 2 

231 31 188 
22 90 129 

149 26 275 
7 87 147 

317 106 27 
45 188 8 

213 35 202 
20 102 119 

170 27 253 
9 86 146 

188 31 231 
13 93 135 

161 26 263 
8 86 147 

215 41 194 
19 102 120 

292 88 70 
43 169 29 

80 5 365 
2 30 209 

44 2 404 
0 14 227 

342 106 2 
67 173 1 

112 14 324 
3 54 184 

291 86 73 
43 169 29 

262 45 143 
28 97 116 

45 1 404 
0 8 233 

122 14 314 
4 50 187 

49 2 399 
0 8 233 

137 22 291 
6 77 158 

190 75 185 
10 137 94 

207 17 226 
15 66 160 

238 28 184 
28 93 120 

295 67 88 
43 134 64 

322 107 21 
49 186 6 

222 29 199 
22 94 125 

62 5 383 
1 33 207 

213 29 208 
18 83 140 

269 85 96 
32 150 59 

369 81 0 
88 153 0 

116 9 325 
3 47 191 

145 27 278 
6 86 149 

165 26 259 
11 87 143 

236 70 144 
25 145 71 

159 28 263 
8 90 143 

203 48 199 
17 111 113 

289 76 85 
41 144 56 

335 93 22 
55 177 9 

258 64 128 
33 130 78 

264 61 125 
33 126 82 

160 39 251 
12 116 113 

146 16 288 
6 59 176 

192 26 232 
19 91 131 

311 136 3 
47 193 1 

134 20 296 
4 67 170 

45 4 401 
0 17 224 

192 27 231 
15 91 135 

197 58 195 
19 130 92 

110 17 323 
3 68 170 

75 3 372 
2 23 216 

273 69 108 
36 135 70 

214 40 196 
18 99 124 

335 111 4 
60 179 2 

316 111 23 
42 185 14 

245 28 177 
25 85 131 

160 29 261 
10 92 139 

148 26 276 
7 86 148 

156 28 266 
7 89 145 

329 112 9 
50 186 5 

110 18 322 
3 68 170 

230 44 176 
27 110 104 

146 25 279 
6 84 151 

313 131 6 
48 191 2 

295 108 47 
40 191 10 

238 33 179 
28 97 116 

190 37 223 
15 99 127 

177 23 250 
14 83 144 

49 1 400 
0 3 238 

219 31 200 
24 101 116 

337 107 6 
54 184 3 

45 0 405 
0 6 235 

301 144 5 
40 199 2 

160 29 261 
10 92 139 

43 0 407 
0 7 234 

312 138 0 
62 179 0 

249 65 136 
27 130 84 

45 3 402 
0 12 229 

181 30 239 
13 93 135 

298 79 73 
43 149 49 

144 16 290 
6 56 179 

350 97 3 
76 164 1 

87 2 361 
1 9 231 

85 11 354 
1 43 197 

81 5 364 
2 25 214 

117 10 323 
3 39 199 

228 53 169 
26 114 101 

283 64 103 
38 128 75 

294 58 98 
42 123 76 

198 39 213 
18 100 123 

113 9 328 
3 41 197 

46 5 399 
0 15 226 

112 7 331 
3 34 204 

314 104 32 
46 183 12 

148 23 279 
7 78 156 

42 4 404 
0 19 222 

151 24 275 
6 72 163 

55 1 394 
1 10 230 

335 113 2 
69 171 1 

255 89 106 
31 157 53 

47 6 397 
0 15 226 

313 108 29 
47 184 10 

185 34 231 
18 103 120 

113 12 325 
3 44 194 

237 41 172 
28 102 111 

280 83 87 
38 148 55 

206 30 214 
21 91 129 

310 98 42 
45 172 24 

232 42 176 
24 96 121 

354 91 5 
73 167 1 

297 110 43 
40 186 15 

147 31 272 
6 92 143 

240 32 178 
27 91 123 

264 100 86 
30 165 46 

129 16 305 
4 47 190 

311 133 6 
49 191 1 

227 47 176 
24 104 113 

250 68 132 
30 132 79 

141 27 282 
6 87 148 

230 26 194 
24 88 129 

146 21 283 
6 64 171 

302 139 9 
40 198 3 

157 26 267 
8 83 150 

48 2 400 
0 9 232 

152 31 267 
9 96 136 

180 44 226 
14 106 121 

143 18 289 
8 71 162 

343 106 1 
78 162 1 

313 130 7 
47 190 4 

116 14 320 
4 53 184 

298 126 26 
39 194 8 

186 32 232 
16 92 133 

212 47 191 
19 102 120 

163 30 257 
11 93 137 

146 33 271 
6 92 143 

154 29 267 
9 90 142 

229 30 191 
26 93 122 

184 53 213 
15 124 102 

301 138 11 
35 202 4 

183 33 234 
20 105 116 

229 60 161 
24 119 98 

161 28 261 
10 87 144 

154 32 264 
9 95 137 

327 103 20 
51 172 18 

272 74 104 
38 143 60 

201 61 188 
16 118 107 

295 135 20 
34 196 11 

47 1 402 
0 4 237 

135 14 301 
5 47 189 

224 34 192 
27 98 116 

311 131 8 
48 192 1 

235 30 185 
23 87 131 

232 38 180 
23 88 130 

343 106 1 
78 162 1 

157 27 266 
10 87 144 

300 144 6 
40 199 2 

156 30 264 
10 93 138 

159 32 259 
11 90 140 

295 131 24 
37 200 4 

116 21 313 
4 62 175 

110 10 330 
3 38 200 

146 29 275 
7 90 144 

43 6 401 
0 14 227 

