354 96 0 
71 170 0 

33 0 417 
0 1 240 

31 1 418 
0 8 233 

101 3 346 
2 18 221 

318 107 25 
35 179 27 

110 4 336 
2 19 220 

120 8 322 
3 30 208 

273 59 118 
34 131 76 

226 35 189 
24 107 110 

199 43 208 
18 117 106 

231 38 181 
23 103 115 

240 46 164 
24 110 107 

136 17 297 
7 77 157 

237 61 152 
23 131 87 

316 105 29 
41 186 14 

305 71 74 
41 145 55 

278 49 123 
31 112 98 

129 16 305 
5 61 175 

198 45 207 
15 106 120 

172 44 234 
11 119 111 

148 25 277 
7 78 156 

156 21 273 
10 78 153 

291 69 90 
37 144 60 

218 66 166 
18 135 88 

314 111 25 
43 188 10 

118 15 317 
3 55 183 

151 23 276 
7 74 160 

198 41 211 
14 99 128 

353 94 3 
64 172 5 

313 109 28 
43 188 10 

150 16 284 
8 73 160 

154 29 267 
8 92 141 

362 82 6 
60 167 14 

205 33 212 
20 105 116 

150 24 276 
8 81 152 

363 82 5 
67 167 7 

186 40 224 
10 109 122 

257 67 126 
27 134 80 

191 27 232 
12 91 138 

148 31 271 
6 96 139 

343 106 1 
60 181 0 

150 20 280 
8 71 162 

312 126 12 
40 199 2 

299 135 16 
30 202 9 

18 2 430 
0 12 229 

299 87 64 
45 155 41 

197 29 224 
17 90 134 

134 13 303 
4 38 199 

301 149 0 
47 194 0 

255 67 128 
31 136 74 

205 55 190 
19 127 95 

299 75 76 
40 137 64 

296 89 65 
42 152 47 

181 34 235 
12 93 136 

294 61 95 
40 132 69 

248 40 162 
30 107 104 

126 20 304 
5 67 169 

102 16 332 
2 53 186 

177 30 243 
13 90 138 

322 112 16 
45 187 9 

182 32 236 
14 95 132 

187 41 222 
16 112 113 

201 35 214 
22 105 114 

209 39 202 
22 97 122 

119 24 307 
3 82 156 

256 52 142 
35 130 76 

126 17 307 
5 57 179 

116 18 316 
4 61 176 

239 74 137 
24 137 80 

146 19 285 
8 69 164 

296 148 6 
34 203 4 

204 33 213 
18 96 127 

165 34 251 
10 100 131 

132 16 302 
5 50 186 

17 0 433 
0 6 235 

363 80 7 
74 165 2 

299 112 39 
41 191 9 

296 69 85 
49 145 47 

156 28 266 
9 92 140 

331 52 67 
51 124 66 

100 13 337 
2 43 196 

303 58 89 
44 134 63 

202 34 214 
16 91 134 

343 104 3 
67 173 1 

128 13 309 
5 47 189 

309 60 81 
44 133 64 

257 53 140 
31 125 85 

105 13 332 
3 50 188 

299 74 77 
46 141 54 

339 104 7 
56 177 8 

141 12 297 
5 40 196 

135 28 287 
4 82 155 

153 27 270 
8 86 147 

304 139 7 
37 199 5 

219 59 172 
23 132 86 

133 19 298 
5 60 176 

181 28 241 
11 82 148 

201 32 217 
20 99 122 

162 19 269 
9 64 168 

160 28 262 
10 92 139 

317 117 16 
44 190 7 

100 13 337 
2 43 196 

159 23 268 
11 84 146 

304 61 85 
43 133 65 

377 71 2 
83 158 0 

218 56 176 
23 126 92 

153 24 273 
8 77 156 

226 55 169 
23 118 100 

317 117 16 
45 190 6 

224 49 177 
26 122 93 

141 12 297 
5 40 196 

262 31 157 
30 95 116 

304 139 7 
43 197 1 

32 6 412 
0 5 236 

291 159 0 
43 198 0 

268 75 107 
32 138 71 

294 154 2 
41 200 0 

100 16 334 
2 52 187 

122 12 316 
4 38 199 

297 78 75 
47 149 45 

113 11 326 
2 23 216 

17 3 430 
0 8 233 

284 67 99 
38 136 67 

310 59 81 
51 134 56 

158 15 277 
7 47 187 

164 32 254 
10 96 135 

164 34 252 
12 103 126 

299 61 90 
43 134 64 

247 48 155 
28 110 103 

239 71 140 
28 138 75 

255 51 144 
31 120 90 

102 14 334 
2 40 199 

312 136 2 
50 190 1 

139 25 286 
5 65 171 

196 73 181 
11 138 92 

183 33 234 
16 92 133 

324 121 5 
54 184 3 

268 181 1 
26 215 0 

158 37 255 
8 101 132 

181 31 238 
15 94 132 

231 87 132 
20 148 73 

237 27 186 
23 73 145 

328 105 17 
53 183 5 

17 0 433 
0 2 239 

203 41 206 
23 105 113 

193 33 224 
18 98 125 

235 50 165 
30 124 87 

299 146 5 
36 199 6 

154 13 283 
9 54 178 

263 61 126 
30 119 92 

134 32 284 
4 98 139 

317 99 34 
50 181 10 

134 19 297 
5 58 178 

320 116 14 
50 188 3 

298 61 91 
45 134 62 

291 75 84 
41 138 62 

284 102 64 
37 163 41 

250 33 167 
29 94 118 

229 35 186 
29 105 107 

130 24 296 
7 89 145 

157 29 264 
10 93 138 

162 28 260 
9 80 152 

224 46 180 
24 106 111 

196 37 217 
16 96 129 

300 116 34 
41 191 9 

327 103 20 
53 184 4 

147 31 272 
7 93 141 

166 29 255 
10 85 146 

342 97 11 
63 176 2 

150 28 272 
8 88 145 

296 81 73 
42 139 60 

304 59 87 
46 132 63 

313 127 10 
45 192 4 

205 35 210 
19 96 126 

239 63 148 
27 137 77 

239 27 184 
25 79 137 

245 29 176 
30 95 116 

134 31 285 
4 93 144 

121 20 309 
3 50 188 

298 146 6 
38 200 3 

154 29 267 
9 88 144 

218 55 177 
23 125 93 

201 69 180 
15 137 89 

6 0 444 
0 6 235 

366 80 4 
94 146 1 

314 109 27 
59 176 6 

117 4 329 
3 19 219 

153 34 263 
8 98 135 

233 75 142 
20 135 86 

274 48 128 
41 121 79 

126 20 304 
5 61 175 

219 70 161 
20 136 85 

316 104 30 
52 180 9 

134 33 283 
4 99 138 

161 35 254 
12 97 132 

148 22 280 
8 68 165 

135 15 300 
5 42 194 

295 118 37 
40 192 9 

259 43 148 
30 102 109 

105 15 330 
3 37 201 

