316 134 0 
52 189 0 

84 0 366 
0 8 233 

286 97 67 
31 175 35 

93 3 354 
1 33 207 

112 6 332 
2 35 204 

271 91 88 
23 160 58 

124 7 319 
3 39 199 

248 42 160 
21 106 114 

287 98 65 
28 167 46 

272 67 111 
29 136 76 

175 23 252 
8 87 146 

201 23 226 
9 82 150 

165 22 263 
8 89 144 

159 24 267 
5 91 145 

82 3 365 
0 24 217 

148 13 289 
5 65 171 

97 2 351 
1 29 211 

316 94 40 
40 174 27 

302 102 46 
38 189 14 

311 68 71 
41 145 55 

310 125 15 
35 199 7 

228 32 190 
16 95 130 

96 1 353 
0 6 235 

150 19 281 
4 66 171 

220 53 177 
13 121 107 

226 47 177 
18 118 105 

253 65 132 
23 134 84 

289 38 123 
32 109 100 

320 114 16 
45 192 4 

144 19 287 
3 69 169 

199 39 212 
12 111 118 

215 45 190 
13 107 121 

206 28 216 
14 97 130 

251 26 173 
22 91 128 

181 33 236 
8 100 133 

296 69 85 
39 158 44 

226 35 189 
16 101 124 

308 110 32 
38 187 16 

311 89 50 
40 172 29 

161 19 270 
5 70 166 

138 10 302 
4 55 182 

265 65 120 
25 136 80 

227 38 185 
17 104 120 

210 32 208 
13 94 134 

276 63 111 
28 133 80 

259 40 151 
26 112 103 

247 64 139 
20 133 88 

129 8 313 
3 38 200 

346 97 7 
60 179 2 

166 16 268 
7 67 167 

323 126 1 
46 195 0 

264 41 145 
27 115 99 

301 120 29 
33 194 14 

325 122 3 
43 190 8 

211 32 207 
10 90 141 

309 108 33 
37 186 18 

280 67 103 
32 142 67 

298 112 40 
33 196 12 

307 94 49 
39 181 21 

317 133 0 
54 187 0 

127 9 314 
3 40 198 

183 18 249 
8 69 164 

113 6 331 
2 30 209 

295 98 57 
34 178 29 

328 120 2 
58 183 0 

96 2 352 
1 18 222 

309 135 6 
40 199 2 

217 56 177 
18 128 95 

127 16 307 
3 68 170 

229 62 159 
18 132 91 

159 26 265 
7 97 137 

264 27 159 
27 95 119 

289 86 75 
36 162 43 

271 68 111 
34 149 58 

217 45 188 
17 121 103 

301 146 3 
37 203 1 

132 16 302 
4 67 170 

269 91 90 
24 159 58 

258 73 119 
28 148 65 

146 20 284 
4 71 166 

233 65 152 
19 138 84 

284 64 102 
33 134 74 

154 12 284 
3 38 200 

323 107 20 
44 183 14 

82 1 367 
0 20 221 

213 45 192 
16 118 107 

80 2 368 
1 21 219 

264 63 123 
27 135 79 

187 24 239 
10 87 144 

303 109 38 
35 187 19 

80 3 367 
1 27 213 

261 69 120 
25 136 80 

202 46 202 
14 122 105 

185 33 232 
9 100 132 

201 35 214 
16 107 118 

263 64 123 
25 134 82 

96 12 342 
1 54 186 

158 20 272 
5 68 168 

206 29 215 
15 96 130 

145 15 290 
5 64 172 

326 101 23 
46 177 18 

226 67 157 
16 138 87 

202 34 214 
14 100 127 

318 112 20 
43 185 13 

310 130 10 
38 199 4 

200 31 219 
11 98 132 

208 27 215 
15 93 133 

194 45 211 
11 115 115 

359 90 1 
74 167 0 

202 36 212 
14 104 123 

301 102 47 
34 181 26 

233 28 189 
20 93 128 

296 104 50 
32 183 26 

243 65 142 
21 133 87 

90 6 354 
1 32 208 

191 38 221 
11 109 121 

301 99 50 
34 175 32 

196 28 226 
11 90 140 

318 115 17 
45 192 4 

146 19 285 
4 65 172 

267 65 118 
30 136 75 

308 95 47 
41 178 22 

91 5 354 
1 28 212 

196 26 228 
11 85 145 

316 91 43 
42 172 27 

335 96 19 
53 175 13 

91 1 358 
1 16 224 

313 105 32 
40 182 19 

317 104 29 
42 178 21 

134 15 301 
4 65 172 

299 115 36 
36 193 12 

235 73 142 
17 140 84 

296 72 82 
39 151 51 

309 98 43 
37 176 28 

318 106 26 
43 181 17 

321 120 9 
46 192 3 

300 143 7 
34 205 2 

304 144 2 
39 201 1 

90 0 360 
0 1 240 

331 112 7 
51 186 4 

193 28 229 
10 86 145 

310 109 31 
36 184 21 

334 109 7 
50 183 8 

86 0 364 
0 2 239 

413 37 0 
129 112 0 

135 10 305 
4 48 189 

277 71 102 
36 148 57 

87 2 361 
0 6 235 

163 19 268 
7 70 164 

97 6 347 
2 32 207 

225 60 165 
18 122 101 

97 10 343 
1 36 204 

89 3 358 
0 10 231 

306 141 3 
41 198 2 

192 31 227 
11 99 131 

297 66 87 
43 152 46 

83 4 363 
0 16 225 

225 64 161 
18 130 93 

114 9 327 
3 40 198 

242 34 174 
22 101 118 

136 19 295 
4 68 169 

90 1 359 
1 13 227 

175 30 245 
7 92 142 

203 31 216 
12 93 136 

90 5 355 
1 27 213 

90 6 354 
1 29 211 

239 64 147 
22 134 85 

173 28 249 
9 98 134 

270 77 103 
29 144 68 

175 25 250 
8 81 152 

118 7 325 
3 35 203 

324 108 18 
48 181 12 

103 2 345 
2 22 217 

166 16 268 
7 60 174 

267 65 118 
30 135 76 

257 63 130 
27 134 80 

162 15 273 
7 64 170 

329 110 11 
51 186 4 

232 64 154 
20 134 87 

315 103 32 
40 180 21 

186 24 240 
10 85 146 

88 4 358 
1 23 217 

238 46 166 
21 107 113 

307 115 28 
39 188 14 

191 44 215 
10 110 121 

232 23 195 
20 87 134 

185 33 232 
9 95 137 

211 35 204 
14 93 134 

121 10 319 
3 42 196 

221 31 198 
20 102 119 

269 68 113 
34 148 59 

256 60 134 
28 133 80 

246 64 140 
24 133 84 

223 55 172 
16 114 111 

250 67 133 
24 135 82 

231 31 188 
17 86 138 

132 17 301 
3 65 173 

305 90 55 
40 176 25 

182 31 237 
9 94 138 

83 0 367 
0 5 236 

