317 133 0 
54 187 0 

62 0 388 
0 3 238 

92 2 356 
2 18 221 

114 9 327 
3 40 198 

74 3 373 
0 5 236 

114 14 322 
3 52 186 

269 48 133 
37 122 82 

289 68 93 
40 141 60 

69 5 376 
0 13 228 

150 11 289 
7 50 184 

330 109 11 
52 186 3 

76 5 369 
1 20 220 

149 23 278 
6 84 151 

226 35 189 
23 106 112 

214 57 179 
16 119 106 

227 40 183 
18 93 130 

150 17 283 
7 65 169 

219 70 161 
22 139 80 

323 126 1 
46 195 0 

302 102 46 
38 189 14 

197 60 193 
12 132 97 

179 44 227 
10 115 116 

75 3 372 
1 14 226 

153 27 270 
8 88 145 

168 34 248 
9 99 133 

233 28 189 
20 93 128 

121 16 313 
4 62 175 

150 30 270 
5 89 147 

226 67 157 
16 138 87 

264 80 106 
27 143 71 

310 125 15 
35 199 7 

122 16 312 
5 67 169 

242 61 147 
29 131 81 

301 102 47 
34 181 26 

311 103 36 
42 179 20 

206 35 209 
12 93 136 

226 30 194 
22 97 122 

154 25 271 
6 85 150 

169 32 249 
8 99 134 

177 32 241 
11 93 137 

319 131 0 
66 175 0 

78 6 366 
2 23 216 

281 76 93 
39 153 49 

51 2 397 
1 18 222 

59 2 389 
1 14 226 

257 76 117 
35 152 54 

230 48 172 
24 111 106 

298 121 31 
35 195 11 

293 99 58 
36 178 27 

152 18 280 
6 54 181 

359 90 1 
74 167 0 

203 73 174 
14 150 77 

187 34 229 
15 101 125 

219 30 201 
22 96 123 

307 105 38 
42 182 17 

300 148 2 
39 201 1 

310 68 72 
46 149 46 

237 70 143 
26 133 82 

57 3 390 
0 6 235 

75 5 370 
1 18 222 

167 28 255 
9 83 149 

179 32 239 
14 97 130 

143 16 291 
5 47 189 

242 34 174 
27 101 113 

229 31 190 
23 95 123 

284 60 106 
35 124 82 

151 24 275 
6 76 159 

53 3 394 
0 13 228 

225 21 204 
22 86 133 

266 72 112 
33 142 66 

142 29 279 
5 93 143 

216 31 203 
20 93 128 

119 16 315 
4 61 176 

157 27 266 
9 88 144 

309 135 6 
40 199 2 

234 45 171 
17 90 134 

46 2 402 
0 12 229 

174 34 242 
11 97 133 

130 13 307 
6 52 183 

293 110 47 
33 189 19 

301 146 3 
37 203 1 

140 27 283 
7 99 135 

233 69 148 
23 127 91 

237 34 179 
25 101 115 

160 29 261 
10 93 138 

260 47 143 
35 118 88 

159 35 256 
9 105 127 

118 14 318 
3 47 191 

321 121 8 
48 190 3 

166 26 258 
12 91 138 

150 20 280 
7 70 164 

170 31 249 
11 93 137 

326 105 19 
47 180 14 

216 27 207 
21 94 126 

228 45 177 
24 114 103 

289 105 56 
34 185 22 

249 76 125 
34 155 52 

172 31 247 
10 91 140 

48 0 402 
0 5 236 

361 89 0 
91 150 0 

118 5 327 
3 21 217 

121 8 321 
4 31 206 

300 76 74 
42 153 46 

115 16 319 
4 62 175 

50 3 397 
0 12 229 

327 97 26 
51 177 13 

254 71 125 
29 135 77 

275 109 66 
27 174 40 

308 122 20 
40 188 13 

306 141 3 
41 198 2 

159 20 271 
8 68 165 

273 111 66 
28 185 28 

242 46 162 
31 117 93 

324 126 0 
58 182 1 

253 73 124 
32 145 64 

227 49 174 
22 111 108 

187 31 232 
16 93 132 

133 19 298 
6 66 169 

215 67 168 
21 135 85 

188 31 231 
17 94 130 

229 50 171 
27 115 99 

142 34 274 
5 99 137 

52 4 394 
0 12 229 

75 2 373 
2 17 222 

251 73 126 
29 139 73 

233 32 185 
24 97 120 

298 149 3 
39 201 1 

236 91 123 
24 160 57 

194 34 222 
17 98 126 

320 108 22 
54 179 8 

218 50 182 
23 120 98 

237 65 148 
27 128 86 

225 21 204 
22 84 135 

281 116 53 
30 193 18 

175 34 241 
14 98 129 

303 140 7 
39 199 3 

119 21 310 
3 64 174 

297 104 49 
39 182 20 

270 109 71 
28 186 27 

225 22 203 
23 88 130 

174 16 260 
10 61 170 

236 34 180 
25 101 115 

51 6 393 
0 16 225 

150 23 277 
6 68 167 

300 136 14 
39 197 5 

147 32 271 
6 90 145 

140 28 282 
7 96 138 

234 41 175 
25 107 109 

205 66 179 
17 132 92 

184 28 238 
14 89 138 

149 22 279 
6 68 167 

146 31 273 
8 100 133 

321 119 10 
51 188 2 

308 100 42 
42 173 26 

305 107 38 
41 180 20 

221 64 165 
25 129 87 

45 2 403 
0 7 234 

43 2 405 
0 15 226 

184 26 240 
12 81 148 

252 43 155 
32 110 99 

74 1 375 
2 18 221 

303 112 35 
39 182 20 

287 112 51 
31 186 24 

167 29 254 
10 86 145 

156 35 259 
9 105 127 

149 22 279 
6 68 167 

314 118 18 
46 181 14 

212 30 208 
23 95 123 

174 16 260 
10 61 170 

45 0 405 
0 7 234 

9 0 441 
0 2 239 

45 1 404 
0 4 237 

326 124 0 
62 178 1 

113 12 325 
5 50 186 

48 4 398 
0 16 225 

44 1 405 
0 7 234 

223 61 166 
22 119 100 

76 2 372 
1 9 231 

274 55 121 
40 125 76 

72 2 376 
2 17 222 

302 64 84 
43 134 64 

202 64 184 
18 134 89 

315 109 26 
52 180 9 

220 31 199 
24 95 122 

149 22 279 
8 71 162 

43 2 405 
0 11 230 

57 2 391 
1 11 229 

164 37 249 
9 97 135 

286 103 61 
36 187 18 

224 64 162 
26 129 86 

139 21 290 
7 69 165 

295 92 63 
38 164 39 

260 52 138 
35 112 94 

157 34 259 
8 95 138 

212 31 207 
20 93 128 

164 31 255 
11 93 137 

284 111 55 
32 187 22 

286 143 21 
33 205 3 

171 35 244 
11 95 135 

172 34 244 
12 97 132 

