350 100 0 
65 176 0 

64 0 386 
0 2 239 

222 60 168 
15 130 96 

97 1 352 
1 15 225 

222 64 164 
15 137 89 

298 115 37 
32 194 15 

146 24 280 
2 81 158 

81 1 368 
1 27 213 

290 111 49 
26 199 16 

207 56 187 
15 135 91 

109 4 337 
1 19 221 

79 1 370 
0 9 232 

227 60 163 
17 131 93 

216 33 201 
17 98 126 

163 26 261 
8 94 139 

165 31 254 
6 96 139 

349 99 2 
61 180 0 

269 60 121 
30 147 64 

211 33 206 
14 97 130 

216 39 195 
18 108 115 

75 1 374 
0 14 227 

305 118 27 
34 195 12 

247 64 139 
21 142 78 

99 6 345 
2 33 206 

96 3 351 
1 21 219 

334 109 7 
51 186 4 

270 57 123 
30 142 69 

147 13 290 
5 61 175 

172 15 263 
8 61 172 

134 11 305 
3 45 193 

179 20 251 
9 77 155 

122 9 319 
3 53 185 

162 23 265 
7 86 148 

96 7 347 
2 40 199 

273 64 113 
32 146 63 

247 31 172 
23 95 123 

213 50 187 
16 120 105 

188 36 226 
10 107 124 

147 22 281 
6 84 151 

216 33 201 
20 105 116 

220 31 199 
16 92 133 

173 33 244 
8 97 136 

301 103 46 
30 187 24 

306 141 3 
33 206 2 

212 55 183 
15 130 96 

259 53 138 
26 134 81 

173 30 247 
8 94 139 

345 88 17 
59 174 8 

199 30 221 
12 99 130 

309 62 79 
39 146 56 

211 51 188 
13 119 109 

148 15 287 
3 58 180 

272 62 116 
25 136 80 

195 29 226 
11 90 140 

133 6 311 
3 38 200 

315 116 19 
44 192 5 

319 113 18 
41 190 10 

342 90 18 
59 178 4 

253 57 140 
23 132 86 

61 2 387 
0 18 223 

138 18 294 
5 74 162 

188 36 226 
10 101 130 

291 111 48 
29 190 22 

113 12 325 
1 41 199 

321 129 0 
51 190 0 

291 68 91 
38 151 52 

188 32 230 
10 93 138 

261 75 114 
28 153 60 

67 3 380 
0 18 223 

273 59 118 
29 132 80 

157 18 275 
6 61 174 

255 67 128 
21 137 83 

88 5 357 
1 25 215 

167 37 246 
6 105 130 

271 69 110 
28 137 76 

175 24 251 
10 84 147 

302 63 85 
37 135 69 

148 19 283 
5 64 172 

217 31 202 
17 94 130 

125 7 318 
3 38 200 

199 36 215 
13 103 125 

330 118 2 
48 189 4 

144 23 283 
5 78 158 

303 64 83 
37 135 69 

188 34 228 
10 95 136 

127 23 300 
3 86 152 

139 7 304 
3 32 206 

314 134 2 
44 196 1 

116 11 323 
4 62 175 

73 3 374 
1 23 217 

249 62 139 
22 135 84 

269 54 127 
30 138 73 

138 19 293 
3 65 173 

313 134 3 
43 197 1 

292 52 106 
38 131 72 

336 94 20 
54 177 10 

267 62 121 
29 137 75 

76 3 371 
1 22 218 

195 32 223 
14 102 125 

295 70 85 
41 151 49 

324 125 1 
52 189 0 

228 43 179 
21 112 108 

224 35 191 
18 96 127 

144 23 283 
6 92 143 

318 103 29 
47 190 4 

284 103 63 
30 192 19 

236 35 179 
20 99 122 

303 114 33 
36 190 15 

309 113 28 
39 190 12 

324 114 12 
48 190 3 

271 61 118 
30 135 76 

219 26 205 
21 94 126 

336 94 20 
55 177 9 

113 11 326 
3 56 182 

339 92 19 
57 176 8 

65 1 384 
0 5 236 

303 114 33 
36 190 15 

143 16 291 
3 57 181 

272 60 118 
31 135 75 

248 45 157 
25 118 98 

176 31 243 
9 93 139 

217 31 202 
19 95 127 

90 3 357 
1 19 221 

236 60 154 
18 124 99 

295 103 52 
37 190 14 

318 118 14 
45 192 4 

168 23 259 
8 85 148 

104 5 341 
1 20 220 

179 26 245 
10 89 142 

245 30 175 
24 95 122 

62 1 387 
0 12 229 

134 11 305 
3 42 196 

95 5 350 
1 22 218 

340 94 16 
58 178 5 

229 38 183 
21 105 115 

62 0 388 
0 1 240 

228 28 194 
16 83 142 

255 31 164 
27 98 116 

184 32 234 
11 99 131 

121 13 316 
2 46 193 

298 76 76 
35 145 61 

97 6 347 
2 32 207 

322 113 15 
47 187 7 

99 6 345 
2 31 208 

267 51 132 
28 127 86 

99 6 345 
2 31 208 

90 3 357 
1 19 221 

95 5 350 
1 22 218 

57 0 393 
0 4 237 

314 136 0 
50 191 0 

282 109 59 
29 181 31 

296 76 78 
40 151 50 

139 15 296 
4 61 176 

100 3 347 
2 23 216 

53 3 394 
0 28 213 

89 6 355 
1 31 209 

125 13 312 
4 61 176 

296 55 99 
42 136 63 

53 1 396 
0 17 224 

98 11 341 
1 42 198 

265 64 121 
34 147 60 

283 103 64 
37 188 16 

218 46 186 
16 107 118 

351 97 2 
62 175 4 

197 38 215 
15 104 122 

55 2 393 
0 19 222 

127 12 311 
4 56 181 

114 8 328 
3 44 194 

167 19 264 
9 76 156 

316 61 73 
45 140 56 

268 53 129 
30 135 76 

243 30 177 
21 91 129 

165 22 263 
9 86 146 

322 102 26 
46 179 16 

111 11 328 
3 54 184 

208 31 211 
15 93 133 

166 32 252 
7 93 141 

290 75 85 
37 151 53 

151 23 276 
6 82 153 

331 98 21 
50 176 15 

296 64 90 
38 135 68 

160 36 254 
5 101 135 

203 41 206 
16 107 118 

62 3 385 
0 12 229 

54 1 395 
1 27 213 

63 2 385 
1 19 221 

129 21 300 
3 73 165 

329 74 47 
48 152 41 

203 49 198 
21 129 91 

164 23 263 
8 86 147 

91 8 351 
2 43 196 

194 32 224 
14 97 130 

156 31 263 
6 92 143 

62 1 387 
0 4 237 

97 6 347 
2 31 208 

116 11 323 
4 58 179 

137 19 294 
3 65 173 

233 44 173 
24 108 109 

318 97 35 
47 179 15 

315 103 32 
47 187 7 

